==============
Test_Accuracy
==============
0.537815
0.468316
0.476604
0.477998
0.479562
0.487537
0.492455
0.509907
0.517488
0.514904
0.523672
0.537813
0.535466
0.536299
0.543687
0.554115
0.550483
0.554232
0.551012
0.556777
0.553786
==============

==============
Test_Loss
==============
0.78589
1.24247
1.24348
1.31144
1.28695
1.15954
1.03884
0.95959
0.931189
0.871815
0.83065
0.800826
0.788875
0.778396
0.775218
0.775015
0.830569
0.752323
0.747978
0.751406
0.747716
==============

==============
Train_Accuracy
==============
0.539415
0.473302
0.478643
0.48032
0.478569
0.484447
0.490813
0.503719
0.510617
0.513658
0.524315
0.533584
0.534275
0.535316
0.543145
0.549744
0.546723
0.551169
0.551133
0.556768
0.551104
==============

==============
Train_Loss
==============
0.780399
1.17353
1.16797
1.22259
1.18588
1.08578
0.985594
0.917403
0.910847
0.833549
0.804082
0.777061
0.762848
0.754214
0.747275
0.769274
0.837268
0.736008
0.732209
0.738752
0.735306
==============

