==============
Test_Accuracy
==============
0.014469
0.0568681
0.0352155
0.139108
0.144118
0.031765
0.179106
0.285779
0.311489
0.360014
0.474685
0.482382
0.54034
0.554037
0.54754
0.60219
0.570651
0.644952
0.666305
0.673459
0.69574
0.692618
0.656034
0.727527
0.728442
0.732411
0.742106
0.712636
0.747866
0.768373
0.776165
0.764789
0.765173
0.776288
0.765432
0.765602
0.792827
0.789096
0.797256
0.792108
0.796681
0.780323
0.78838
0.800754
0.803263
0.786511
0.781803
0.79428
0.806338
0.792594
0.804553
==============

==============
Test_Loss
==============
4.1251
3.68283
3.69411
3.68437
3.62554
3.65004
3.54124
3.38867
3.07613
2.88046
2.35946
2.1094
1.83542
1.71175
1.6976
1.53395
1.57425
1.31311
1.25573
1.18023
1.10669
1.11837
1.22059
0.968914
0.962224
0.915727
0.902073
1.02706
0.860005
0.806471
0.791735
0.813524
0.820659
0.751738
0.788196
0.791501
0.708587
0.714843
0.702687
0.697188
0.714199
0.740302
0.710572
0.673531
0.670856
0.728811
0.709656
0.661113
0.642397
0.706879
0.640806
==============

==============
Train_Accuracy
==============
0.0129492
0.0590662
0.0359791
0.144436
0.153493
0.0346709
0.179542
0.283699
0.311275
0.353674
0.467103
0.472052
0.542164
0.557621
0.551622
0.585796
0.565083
0.640975
0.653791
0.676041
0.694678
0.691667
0.650363
0.722322
0.726692
0.737761
0.739312
0.706313
0.757348
0.765567
0.775612
0.761872
0.76708
0.786642
0.773897
0.781931
0.804713
0.802111
0.809069
0.80559
0.807116
0.796914
0.801691
0.81791
0.814516
0.802653
0.801096
0.816809
0.827405
0.809655
0.827061
==============

==============
Train_Loss
==============
4.12548
3.68384
3.70022
3.68529
3.62783
3.65467
3.54384
3.38334
3.06922
2.87288
2.35948
2.12206
1.83582
1.70276
1.67438
1.52822
1.56033
1.29926
1.24209
1.16141
1.08468
1.0962
1.19484
0.94684
0.93766
0.8807
0.867902
0.995528
0.810169
0.766578
0.745476
0.770519
0.76248
0.692447
0.728372
0.721329
0.640691
0.639043
0.62459
0.622988
0.629921
0.652817
0.627474
0.581908
0.580422
0.631408
0.611911
0.557762
0.542879
0.610326
0.533565
==============

==============
Before_Compression_Nonzeros_Counts
==============
12697600.0
12697600.0
12697600.0
12697600.0
12697600.0
12697600.0
12697600.0
12697600.0
12697600.0
12697600.0
12697600.0
12697600.0
12697600.0
12697600.0
12697600.0
12697600.0
12697600.0
12697600.0
12697600.0
12697600.0
12697600.0
12697600.0
12697600.0
12697600.0
12697600.0
12697600.0
12697600.0
12697600.0
12697600.0
12697600.0
12697600.0
12697600.0
12697600.0
12697600.0
12697600.0
12697600.0
12697600.0
12697600.0
12697600.0
12697600.0
12697600.0
12697600.0
12697600.0
12697600.0
12697600.0
12697600.0
12697600.0
12697600.0
12697600.0
12697600.0
==============

==============
After_Compression_Nonzeros_Counts
==============
12697600.0
12697600.0
12697600.0
12697600.0
12697600.0
12697600.0
12697600.0
12697600.0
12697600.0
12697600.0
12697600.0
12697600.0
12697600.0
12697600.0
12697600.0
12697600.0
12697600.0
12697600.0
12697600.0
12697600.0
12697600.0
12697600.0
12697600.0
12697600.0
12697600.0
12697600.0
12697600.0
12697600.0
12697600.0
12697600.0
12697600.0
12697600.0
12697600.0
12697600.0
12697600.0
12697600.0
12697600.0
12697600.0
12697600.0
12697600.0
12697600.0
12697600.0
12697600.0
12697600.0
12697600.0
12697600.0
12697600.0
12697600.0
12697600.0
12697600.0
==============

==============
Received_Nonzeros_Counts
==============
12697600.0
12697600.0
12697600.0
12697600.0
12697600.0
12697600.0
12697600.0
12697600.0
12697600.0
12697600.0
12697600.0
12697600.0
12697600.0
12697600.0
12697600.0
12697600.0
12697600.0
12697600.0
12697600.0
12697600.0
12697600.0
12697600.0
12697600.0
12697600.0
12697600.0
12697600.0
12697600.0
12697600.0
12697600.0
12697600.0
12697600.0
12697600.0
12697600.0
12697600.0
12697600.0
12697600.0
12697600.0
12697600.0
12697600.0
12697600.0
12697600.0
12697600.0
12697600.0
12697600.0
12697600.0
12697600.0
12697600.0
12697600.0
12697600.0
12697600.0
==============

==============
Train_Time_In_Secs
==============
10.0
12.0
10.0
14.0
7.0
9.0
7.0
8.0
9.0
11.0
9.0
9.0
10.0
6.0
10.0
11.0
10.0
7.0
9.0
9.0
11.0
8.0
6.0
11.0
7.0
13.0
9.0
5.0
7.0
11.0
11.0
15.0
9.0
7.0
10.0
11.0
11.0
13.0
9.0
5.0
8.0
8.0
11.0
9.0
13.0
20.0
8.0
11.0
7.0
7.0
==============

==============
Compression_Rate
==============
0.0
0.0
0.0
0.0
0.0
0.0
0.0
0.0
0.0
0.0
0.0
0.0
0.0
0.0
0.0
0.0
0.0
0.0
0.0
0.0
0.0
0.0
0.0
0.0
0.0
0.0
0.0
0.0
0.0
0.0
0.0
0.0
0.0
0.0
0.0
0.0
0.0
0.0
0.0
0.0
0.0
0.0
0.0
0.0
0.0
0.0
0.0
0.0
0.0
0.0
==============

