==============
Test_Accuracy
==============
0.014469
0.0534645
0.0352155
0.10562
0.0912972
0.031765
0.0397725
0.249669
0.242294
0.251077
0.30984
0.293394
0.371669
0.408966
0.346906
0.454087
0.422106
0.516327
0.512313
0.508613
0.543843
0.52523
0.507761
0.596384
0.589736
0.616704
0.604796
0.572843
0.632383
0.632669
0.667719
0.634502
0.652211
0.678471
0.673212
0.683462
0.70364
0.701445
0.707309
0.709816
0.709708
0.701526
0.71805
0.699534
0.735894
0.713722
0.719017
0.73535
0.751315
0.738412
0.747133
==============

==============
Test_Loss
==============
4.1251
3.68713
3.70436
3.69041
3.65172
3.70376
3.64101
3.59838
3.50897
3.55032
3.22279
2.97018
2.67976
2.4767
2.52072
2.20552
2.21171
1.91287
1.90982
1.85702
1.73017
1.78036
1.8537
1.53442
1.52205
1.42813
1.48103
1.5703
1.35904
1.33096
1.2462
1.30757
1.25566
1.16443
1.16437
1.13458
1.0751
1.07212
1.04392
1.01914
1.02748
1.04579
0.986016
1.05124
0.948185
0.993194
0.977036
0.909727
0.877202
0.909522
0.872786
==============

==============
Train_Accuracy
==============
0.0129492
0.0571753
0.0358119
0.110464
0.0973258
0.0346709
0.0422393
0.24773
0.240418
0.244732
0.308835
0.289928
0.36922
0.413028
0.352267
0.453988
0.424939
0.513234
0.504187
0.513698
0.544304
0.524235
0.499199
0.585788
0.589994
0.609187
0.594108
0.563958
0.629144
0.624338
0.651826
0.629086
0.645268
0.676437
0.66804
0.687478
0.697777
0.698447
0.703865
0.707258
0.712501
0.69953
0.710724
0.697246
0.725461
0.713485
0.71771
0.737704
0.74717
0.730865
0.744576
==============

==============
Train_Loss
==============
4.12548
3.68752
3.70968
3.69075
3.6545
3.70898
3.6453
3.59532
3.50726
3.54643
3.22533
2.97478
2.67925
2.47718
2.50566
2.21304
2.2114
1.91615
1.90919
1.85243
1.72428
1.77591
1.84854
1.53248
1.51963
1.42543
1.48371
1.57589
1.34805
1.32603
1.23836
1.2986
1.24209
1.14902
1.14684
1.11261
1.05936
1.0502
1.02349
0.998425
1.00314
1.01699
0.96842
1.03051
0.926849
0.965691
0.948766
0.8744
0.84754
0.889797
0.842107
==============

==============
Before_Compression_Nonzeros_Counts
==============
12697600.0
12697600.0
12697600.0
12697600.0
12697600.0
12697600.0
12697600.0
12697600.0
12697600.0
12697600.0
12697600.0
12697600.0
12697600.0
12697600.0
12697600.0
12697600.0
12697600.0
12697600.0
12697600.0
12697600.0
12697600.0
12697600.0
12697600.0
12697600.0
12697600.0
12697600.0
12697600.0
12697600.0
12697600.0
12697600.0
12697600.0
12697600.0
12697600.0
12697600.0
12697600.0
12697600.0
12697600.0
12697600.0
12697600.0
12697600.0
12697600.0
12697600.0
12697600.0
12697600.0
12697600.0
12697600.0
12697600.0
12697600.0
12697600.0
12697600.0
==============

==============
After_Compression_Nonzeros_Counts
==============
12697600.0
12697600.0
12697600.0
12697600.0
12697600.0
12697600.0
12697600.0
12697600.0
12697600.0
12697600.0
12697600.0
12697600.0
12697600.0
12697600.0
12697600.0
12697600.0
12697600.0
12697600.0
12697600.0
12697600.0
12697600.0
12697600.0
12697600.0
12697600.0
12697600.0
12697600.0
12697600.0
12697600.0
12697600.0
12697600.0
12697600.0
12697600.0
12697600.0
12697600.0
12697600.0
12697600.0
12697600.0
12697600.0
12697600.0
12697600.0
12697600.0
12697600.0
12697600.0
12697600.0
12697600.0
12697600.0
12697600.0
12697600.0
12697600.0
12697600.0
==============

==============
Received_Nonzeros_Counts
==============
12697600.0
12697600.0
12697600.0
12697600.0
12697600.0
12697600.0
12697600.0
12697600.0
12697600.0
12697600.0
12697600.0
12697600.0
12697600.0
12697600.0
12697600.0
12697600.0
12697600.0
12697600.0
12697600.0
12697600.0
12697600.0
12697600.0
12697600.0
12697600.0
12697600.0
12697600.0
12697600.0
12697600.0
12697600.0
12697600.0
12697600.0
12697600.0
12697600.0
12697600.0
12697600.0
12697600.0
12697600.0
12697600.0
12697600.0
12697600.0
12697600.0
12697600.0
12697600.0
12697600.0
12697600.0
12697600.0
12697600.0
12697600.0
12697600.0
12697600.0
==============

==============
Train_Time_In_Secs
==============
10.0
10.0
10.0
12.0
6.0
9.0
7.0
8.0
7.0
11.0
9.0
8.0
10.0
4.0
8.0
10.0
8.0
5.0
7.0
6.0
7.0
6.0
3.0
10.0
6.0
11.0
8.0
5.0
7.0
7.0
11.0
13.0
9.0
7.0
9.0
11.0
11.0
13.0
11.0
5.0
9.0
8.0
11.0
10.0
13.0
20.0
8.0
10.0
6.0
8.0
==============

==============
Compression_Rate
==============
0.0
0.0
0.0
0.0
0.0
0.0
0.0
0.0
0.0
0.0
0.0
0.0
0.0
0.0
0.0
0.0
0.0
0.0
0.0
0.0
0.0
0.0
0.0
0.0
0.0
0.0
0.0
0.0
0.0
0.0
0.0
0.0
0.0
0.0
0.0
0.0
0.0
0.0
0.0
0.0
0.0
0.0
0.0
0.0
0.0
0.0
0.0
0.0
0.0
0.0
==============

