==============
Test_Accuracy
==============
0.537815
0.517461
0.516638
0.517688
0.532001
0.536058
0.537132
0.533476
0.53199
0.540579
0.533049
0.543059
0.519642
0.541132
0.522882
0.533182
0.533441
0.543591
0.53696
0.53775
0.54331
0.51689
0.542148
0.537019
0.541635
0.529595
0.530407
0.523863
0.512883
0.52781
0.501242
0.531904
0.533479
0.527259
0.548643
0.540903
0.537724
0.535693
0.528581
0.539837
0.543769
0.502236
0.53806
0.514254
0.550387
0.551518
0.520962
0.54366
0.546601
0.547155
0.516676
==============

==============
Test_Loss
==============
0.78589
1.36313
1.8917
1.29441
1.08027
1.00462
0.9729
0.96787
0.947997
0.840018
0.858386
0.799376
0.864457
0.777679
0.844641
0.82959
0.825845
0.762103
0.779837
0.760432
0.77046
0.807793
0.737704
0.752953
0.74828
0.750866
0.737695
0.844613
0.799285
0.75926
0.795896
0.723656
0.727846
0.754622
0.712601
0.710074
0.709859
0.712601
0.72573
0.706981
0.721086
0.812663
0.7113
0.759227
0.705954
0.707633
0.786406
0.708836
0.698205
0.71526
0.784682
==============

==============
Train_Accuracy
==============
0.539415
0.516048
0.514797
0.521834
0.536768
0.543115
0.544924
0.542406
0.535477
0.549837
0.538898
0.549727
0.525564
0.54922
0.528512
0.536519
0.535452
0.54668
0.539773
0.542173
0.548284
0.517203
0.548085
0.545705
0.549894
0.533891
0.536982
0.522429
0.517152
0.526343
0.509478
0.534312
0.536599
0.529865
0.556506
0.549393
0.551738
0.542333
0.543029
0.547596
0.552418
0.506948
0.554899
0.522274
0.556258
0.565468
0.519901
0.548167
0.555241
0.551157
0.521446
==============

==============
Train_Loss
==============
0.780399
1.45147
1.94935
1.34317
1.08341
0.984886
0.950345
0.941628
0.931863
0.818256
0.831841
0.781732
0.837023
0.758492
0.817512
0.820449
0.818387
0.744237
0.765702
0.747636
0.741689
0.782682
0.719748
0.722713
0.722191
0.737103
0.716173
0.837052
0.75772
0.754788
0.760539
0.709099
0.710349
0.730423
0.698965
0.698944
0.695672
0.704532
0.70314
0.69783
0.705301
0.79883
0.693468
0.737236
0.694492
0.688583
0.78777
0.698997
0.688504
0.707166
0.769906
==============

==============
Before_Compression_Nonzeros_Counts
==============
2995200.0
2995200.0
2995200.0
2995200.0
2995200.0
2995200.0
2995200.0
2995200.0
2995200.0
2995200.0
2995200.0
2995200.0
2995200.0
2995200.0
2995200.0
2995200.0
2995200.0
2995200.0
2995200.0
2995200.0
2995200.0
2995200.0
2995200.0
2995200.0
2995200.0
2995200.0
2995200.0
2995200.0
2995200.0
2995200.0
2995200.0
2995200.0
2995200.0
2995200.0
2995200.0
2995200.0
2995200.0
2995200.0
2995200.0
2995200.0
2995200.0
2995200.0
2995200.0
2995200.0
2995200.0
2995200.0
2995200.0
2995200.0
2995200.0
2995200.0
==============

==============
After_Compression_Nonzeros_Counts
==============
2995200.0
2995200.0
2995200.0
2995200.0
2995200.0
2995200.0
2995200.0
2995200.0
2995200.0
2995200.0
2995200.0
2993014.0
2995200.0
2995200.0
2995200.0
2995200.0
2995200.0
2995200.0
2995200.0
2995200.0
2995200.0
2995200.0
2995200.0
2995200.0
2995200.0
2995200.0
2995200.0
2995200.0
2995200.0
2995200.0
2995200.0
2995200.0
2995200.0
2995200.0
2995200.0
2995200.0
2995200.0
2995200.0
2995200.0
2995200.0
2995200.0
2995200.0
2995200.0
2995200.0
2995200.0
2995200.0
2995200.0
2995200.0
2995200.0
2995200.0
==============

==============
Received_Nonzeros_Counts
==============
2995200.0
2995200.0
2995200.0
2995200.0
2995200.0
2995200.0
2995200.0
2995200.0
2995200.0
2995200.0
2995200.0
2993014.0
2995200.0
2995200.0
2995200.0
2995200.0
2995200.0
2995200.0
2995200.0
2995200.0
2995200.0
2995200.0
2995200.0
2995200.0
2995200.0
2995200.0
2995200.0
2995200.0
2995200.0
2995200.0
2995200.0
2995200.0
2995200.0
2995200.0
2995200.0
2995200.0
2995200.0
2995200.0
2995200.0
2995200.0
2995200.0
2995200.0
2995200.0
2995200.0
2995200.0
2995200.0
2995200.0
2995200.0
2995200.0
2995200.0
==============

==============
Train_Time_In_Secs
==============
0.0
0.0
0.0
0.0
0.0
0.0
0.0
0.0
0.0
0.0
0.0
0.0
0.0
0.0
0.0
0.0
0.0
0.0
0.0
0.0
0.0
0.0
0.0
0.0
0.0
0.0
0.0
0.0
0.0
0.0
0.0
0.0
0.0
0.0
0.0
0.0
0.0
0.0
0.0
0.0
0.0
0.0
0.0
0.0
0.0
0.0
0.0
0.0
0.0
0.0
==============

==============
Compression_Rate
==============
0.0
0.0
0.0
0.0
0.0
0.0
0.0
0.0
0.0
0.0
0.0
0.0007298344017094017
0.0
0.0
0.0
0.0
0.0
0.0
0.0
0.0
0.0
0.0
0.0
0.0
0.0
0.0
0.0
0.0
0.0
0.0
0.0
0.0
0.0
0.0
0.0
0.0
0.0
0.0
0.0
0.0
0.0
0.0
0.0
0.0
0.0
0.0
0.0
0.0
0.0
0.0
==============

