==============
Test_Accuracy
==============
0.537815
0.602474
0.521757
0.655978
0.538928
0.702817
0.746278
0.809005
0.825334
0.817085
0.843412
0.852615
0.856527
0.860966
0.867408
0.863789
0.863852
0.842529
0.87055
0.874783
0.882117
0.826754
0.85783
0.882562
0.873571
0.885247
0.886439
0.876779
0.883476
0.886037
0.889622
0.887694
0.895336
0.895976
0.893142
0.896484
0.899287
0.899722
0.896154
0.88632
0.884999
0.8981
0.902289
0.884443
0.901043
0.902264
0.903149
0.900212
0.902911
0.89583
0.901204
==============

==============
Test_Loss
==============
0.78589
0.735557
1.57848
0.623708
0.839042
0.557458
0.546737
0.412133
0.385266
0.42445
0.361013
0.339108
0.321648
0.326508
0.303503
0.323943
0.332231
0.35019
0.297191
0.302203
0.280063
0.382554
0.317602
0.273973
0.293832
0.271348
0.267777
0.304838
0.266131
0.28023
0.262947
0.264586
0.254758
0.254767
0.263553
0.249494
0.249776
0.244754
0.246498
0.269205
0.29044
0.243121
0.24273
0.264236
0.237121
0.239566
0.234983
0.241267
0.235031
0.257047
0.24343
==============

==============
Train_Accuracy
==============
0.539415
0.609455
0.519284
0.663365
0.540715
0.711309
0.75951
0.819847
0.832959
0.826805
0.850651
0.857798
0.865413
0.865902
0.875017
0.867243
0.868379
0.851488
0.875717
0.877164
0.886625
0.832882
0.862548
0.888234
0.877373
0.890217
0.889722
0.880591
0.891107
0.888862
0.892833
0.893013
0.896188
0.896299
0.894138
0.898879
0.900862
0.902287
0.89947
0.889017
0.888756
0.901583
0.903819
0.89194
0.903454
0.905744
0.906676
0.903273
0.906468
0.900397
0.904507
==============

==============
Train_Loss
==============
0.780399
0.718453
1.50208
0.611623
0.814744
0.546821
0.510283
0.396365
0.371111
0.392189
0.34639
0.325847
0.31087
0.314972
0.291309
0.31319
0.321691
0.333458
0.285905
0.289932
0.269286
0.369634
0.309925
0.263002
0.283739
0.2644
0.261677
0.297329
0.255077
0.272434
0.253215
0.255686
0.246428
0.248657
0.258239
0.241864
0.243866
0.236715
0.240936
0.260289
0.284863
0.234973
0.236954
0.253776
0.232455
0.229314
0.228182
0.234781
0.228665
0.249365
0.237364
==============

==============
Before_Compression_Nonzeros_Counts
==============
2995200.0
2995200.0
2995200.0
2995200.0
2995200.0
2995200.0
2995200.0
2995200.0
2995200.0
2995200.0
2995200.0
2995200.0
2995200.0
2995200.0
2995200.0
2995200.0
2995200.0
2995200.0
2995200.0
2995200.0
2995200.0
2995200.0
2995200.0
2995200.0
2995200.0
2995200.0
2995200.0
2995200.0
2995200.0
2995200.0
2995200.0
2995200.0
2995200.0
2995200.0
2995200.0
2995200.0
2995200.0
2995200.0
2995200.0
2995200.0
2995200.0
2995200.0
2995200.0
2995200.0
2995200.0
2995200.0
2995200.0
2995200.0
2995200.0
2995200.0
==============

==============
After_Compression_Nonzeros_Counts
==============
2995200.0
2995200.0
2995200.0
2995200.0
2995200.0
2995200.0
2995200.0
2995200.0
2995200.0
2995200.0
2995200.0
2995200.0
2995200.0
2995200.0
2995200.0
2995200.0
2995200.0
2995200.0
2995200.0
2995200.0
2995200.0
2995200.0
2995200.0
2995200.0
2995200.0
2995200.0
2995200.0
2995200.0
2995200.0
2995200.0
2995200.0
2995200.0
2995200.0
2995200.0
2995200.0
2995200.0
2995200.0
2995200.0
2995200.0
2995200.0
2995200.0
2995200.0
2995200.0
2995200.0
2995200.0
2995200.0
2995200.0
2995200.0
2995200.0
2995200.0
==============

==============
Received_Nonzeros_Counts
==============
2995200.0
2995200.0
2995200.0
2995200.0
2995200.0
2995200.0
2995200.0
2995200.0
2995200.0
2995200.0
2995200.0
2995200.0
2995200.0
2995200.0
2995200.0
2995200.0
2995200.0
2995200.0
2995200.0
2995200.0
2995200.0
2995200.0
2995200.0
2995200.0
2995200.0
2995200.0
2995200.0
2995200.0
2995200.0
2995200.0
2995200.0
2995200.0
2995200.0
2995200.0
2995200.0
2995200.0
2995200.0
2995200.0
2995200.0
2995200.0
2995200.0
2995200.0
2995200.0
2995200.0
2995200.0
2995200.0
2995200.0
2995200.0
2995200.0
2995200.0
==============

==============
Train_Time_In_Secs
==============
0.0
0.0
0.0
0.0
0.0
0.0
0.0
0.0
0.0
0.0
0.0
0.0
0.0
0.0
0.0
0.0
0.0
0.0
0.0
0.0
0.0
0.0
0.0
0.0
0.0
0.0
0.0
0.0
0.0
0.0
0.0
0.0
0.0
0.0
0.0
0.0
0.0
0.0
0.0
0.0
0.0
0.0
0.0
0.0
0.0
0.0
0.0
0.0
0.0
0.0
==============

==============
Compression_Rate
==============
0.0
0.0
0.0
0.0
0.0
0.0
0.0
0.0
0.0
0.0
0.0
0.0
0.0
0.0
0.0
0.0
0.0
0.0
0.0
0.0
0.0
0.0
0.0
0.0
0.0
0.0
0.0
0.0
0.0
0.0
0.0
0.0
0.0
0.0
0.0
0.0
0.0
0.0
0.0
0.0
0.0
0.0
0.0
0.0
0.0
0.0
0.0
0.0
0.0
0.0
==============

